1	 -37.482	91	  -0.493	  26.056	   5.365
2	 -36.833	92	  11.654	  36.303	   2.566
3	 -23.284	55	   1.371	  25.395	  13.876
4	 -14.908	42	  -0.753	  34.468	   2.120
5	 -11.840	32	   2.847	  26.280	  -3.809
6	 -11.361	32	  11.342	  27.503	  15.437
7	 -10.691	29	  -4.233	  30.816	  12.527
8	  -9.958	30	  11.403	  17.597	   6.367
9	  -7.151	19	   4.358	  34.864	  17.435
10	  -6.816	19	   4.676	  38.978	  -3.645
11	  -6.675	19	  16.891	  27.908	   9.089
12	  -6.068	18	  11.814	  24.964	  -4.874
13	  -5.159	15	   9.119	  33.678	  -7.862
14	  -2.685	8	  19.082	  16.999	   1.931
15	  -2.327	6	   7.262	  18.754	  -0.456
16	  -2.253	7	  19.475	  24.993	   0.856
17	  -1.924	6	  -0.119	  30.699	  20.055
18	  -1.650	5	  16.800	  34.501	  -6.284
