1	 -37.482	  -0.347	   1.195	  21.858	   8.716	33942
1	 -37.482	  -0.428	   1.195	  22.858	   8.716	33979
1	 -37.482	  -0.358	   0.195	  23.858	   8.716	34015
1	 -37.482	  -0.348	  -1.805	  23.858	  -0.284	20360
1	 -37.482	  -0.313	   1.195	  21.858	   9.716	35459
1	 -37.482	  -0.348	   0.195	  23.858	   9.716	35532
1	 -37.482	  -0.403	   1.195	  22.858	   9.716	35496
1	 -37.482	  -0.344	  -0.805	  22.858	   6.716	30943
1	 -37.482	  -0.330	  -0.805	  21.858	   5.716	29389
1	 -37.482	  -0.374	  -0.805	  22.858	   5.716	29426
1	 -37.482	  -0.371	   0.195	  22.858	   5.716	29427
1	 -37.482	  -0.390	  -0.805	  23.858	   5.716	29463
1	 -37.482	  -0.398	   0.195	  23.858	   5.716	29464
1	 -37.482	  -0.433	   1.195	  23.858	   5.716	29465
1	 -37.482	  -0.337	   2.195	  23.858	   5.716	29466
1	 -37.482	  -0.439	  -0.805	  24.858	   5.716	29500
1	 -37.482	  -0.468	   0.195	  24.858	   5.716	29501
1	 -37.482	  -0.534	   1.195	  24.858	   5.716	29502
1	 -37.482	  -0.636	   2.195	  24.858	   5.716	29503
1	 -37.482	  -0.511	  -0.805	  25.858	   5.716	29537
1	 -37.482	  -0.532	   0.195	  25.858	   5.716	29538
1	 -37.482	  -0.545	   1.195	  25.858	   5.716	29539
1	 -37.482	  -0.565	   2.195	  25.858	   5.716	29540
1	 -37.482	  -0.339	   0.195	  21.858	   6.716	30907
1	 -37.482	  -0.508	  -0.805	  26.858	   5.716	29574
1	 -37.482	  -0.542	   0.195	  26.858	   5.716	29575
1	 -37.482	  -0.498	   1.195	  26.858	   5.716	29576
1	 -37.482	  -0.305	  -0.805	  21.858	   6.716	30906
1	 -37.482	  -0.304	  -4.805	  28.858	   5.716	29644
1	 -37.482	  -0.324	  -2.805	  31.858	   4.716	28240
1	 -37.482	  -0.439	   1.195	  22.858	   6.716	30945
1	 -37.482	  -0.425	   0.195	  22.858	   6.716	30944
1	 -37.482	  -0.361	  -1.805	  30.858	   4.716	28204
1	 -37.482	  -0.355	  -2.805	  30.858	   4.716	28203
1	 -37.482	  -0.435	  -1.805	  29.858	   4.716	28167
1	 -37.482	  -0.361	  -2.805	  29.858	   4.716	28166
1	 -37.482	  -0.386	  -1.805	  28.858	   4.716	28130
1	 -37.482	  -0.340	  -2.805	  28.858	   4.716	28129
1	 -37.482	  -0.321	   0.195	  27.858	   4.716	28095
1	 -37.482	  -0.518	  -0.805	  27.858	   4.716	28094
1	 -37.482	  -0.433	  -1.805	  27.858	   4.716	28093
1	 -37.482	  -0.371	  -2.805	  27.858	   4.716	28092
1	 -37.482	  -0.312	  -3.805	  27.858	   4.716	28091
1	 -37.482	  -0.363	  -0.805	  23.858	   6.716	30980
1	 -37.482	  -0.457	   2.195	  26.858	   4.716	28060
1	 -37.482	  -0.622	   1.195	  26.858	   4.716	28059
1	 -37.482	  -0.580	   0.195	  26.858	   4.716	28058
1	 -37.482	  -0.523	  -0.805	  26.858	   4.716	28057
1	 -37.482	  -0.448	  -1.805	  26.858	   4.716	28056
1	 -37.482	  -0.506	   2.195	  25.858	   4.716	28023
1	 -37.482	  -0.438	   1.195	  25.858	   4.716	28022
1	 -37.482	  -0.362	   0.195	  25.858	   4.716	28021
1	 -37.482	  -0.449	  -0.805	  25.858	   4.716	28020
1	 -37.482	  -0.361	  -1.805	  25.858	   4.716	28019
1	 -37.482	  -0.471	   0.195	  23.858	   6.716	30981
1	 -37.482	  -0.498	   1.195	  23.858	   6.716	30982
1	 -37.482	  -0.476	   2.195	  23.858	   6.716	30983
1	 -37.482	  -0.367	  -0.805	  24.858	   6.716	31017
1	 -37.482	  -0.397	  -0.805	  31.858	   3.716	26725
1	 -37.482	  -0.392	  -1.805	  31.858	   3.716	26724
1	 -37.482	  -0.423	  -1.805	  30.858	   3.716	26687
1	 -37.482	  -0.312	  -2.805	  30.858	   3.716	26686
1	 -37.482	  -0.446	  -1.805	  29.858	   3.716	26650
1	 -37.482	  -0.339	  -2.805	  29.858	   3.716	26649
1	 -37.482	  -0.471	  -0.805	  28.858	   3.716	26614
1	 -37.482	  -0.445	  -1.805	  28.858	   3.716	26613
1	 -37.482	  -0.346	  -2.805	  28.858	   3.716	26612
1	 -37.482	  -0.471	   0.195	  27.858	   3.716	26578
1	 -37.482	  -0.502	  -0.805	  27.858	   3.716	26577
1	 -37.482	  -0.445	  -1.805	  27.858	   3.716	26576
1	 -37.482	  -0.352	  -2.805	  27.858	   3.716	26575
1	 -37.482	  -0.398	   0.195	  26.858	   3.716	26541
1	 -37.482	  -0.489	  -0.805	  26.858	   3.716	26540
1	 -37.482	  -0.433	  -1.805	  26.858	   3.716	26539
1	 -37.482	  -0.335	  -2.805	  26.858	   3.716	26538
1	 -37.482	  -0.392	  -1.805	  25.858	   3.716	26502
1	 -37.482	  -0.305	  -2.805	  25.858	   3.716	26501
1	 -37.482	  -0.434	   0.195	  24.858	   6.716	31018
1	 -37.482	  -0.485	  -0.805	  25.858	   6.716	31054
1	 -37.482	  -0.300	  -5.805	  28.858	   6.716	31160
1	 -37.482	  -0.316	  -1.805	  31.858	   2.716	25207
1	 -37.482	  -0.309	  -1.805	  25.858	   2.716	24985
1	 -37.482	  -0.310	   0.195	  21.858	   7.716	32424
1	 -37.482	  -0.343	   1.195	  21.858	   7.716	32425
1	 -37.482	  -0.409	   0.195	  22.858	   7.716	32461
1	 -37.482	  -0.450	   1.195	  22.858	   7.716	32462
1	 -37.482	  -0.441	   0.195	  23.858	   7.716	32498
1	 -37.482	  -0.425	  -0.805	  24.858	   7.716	32534
1	 -37.482	  -0.356	  -1.805	  23.858	   0.716	21877
1	 -37.482	  -0.300	  -1.805	  22.858	   0.716	21840
1	 -37.482	  -0.361	   0.195	  22.858	   8.716	33978
2	 -36.833	  -0.319	  13.195	  36.858	   3.716	26924
2	 -36.833	  -0.327	  12.195	  36.858	   4.716	28440
2	 -36.833	  -0.308	  13.195	  36.858	   4.716	28441
2	 -36.833	  -0.359	   9.195	  37.858	   4.716	28474
2	 -36.833	  -0.320	  10.195	  37.858	   4.716	28475
2	 -36.833	  -0.344	  12.195	  36.858	   5.716	29957
2	 -36.833	  -0.316	  10.195	  37.858	   5.716	29992
2	 -36.833	  -0.337	  12.195	  36.858	   8.716	34508
2	 -36.833	  -0.309	   5.195	  39.858	   7.716	33095
2	 -36.833	  -0.383	  12.195	  36.858	   7.716	32991
2	 -36.833	  -0.314	  11.195	  36.858	   7.716	32990
2	 -36.833	  -0.474	  17.195	  29.858	   0.716	22118
2	 -36.833	  -0.375	  17.195	  30.858	   0.716	22155
2	 -36.833	  -0.343	  18.195	  30.858	   0.716	22156
2	 -36.833	  -0.312	  18.195	  31.858	   0.716	22193
2	 -36.833	  -0.329	  18.195	  32.858	   0.716	22230
2	 -36.833	  -0.317	  18.195	  33.858	   0.716	22267
2	 -36.833	  -0.391	  16.195	  34.858	   0.716	22302
2	 -36.833	  -0.339	  17.195	  34.858	   0.716	22303
2	 -36.833	  -0.439	  14.195	  35.858	   0.716	22337
2	 -36.833	  -0.504	  15.195	  35.858	   0.716	22338
2	 -36.833	  -0.308	  16.195	  35.858	   0.716	22339
2	 -36.833	  -0.499	   8.195	  36.858	   0.716	22368
2	 -36.833	  -0.502	  14.195	  36.858	   0.716	22374
2	 -36.833	  -0.453	  15.195	  36.858	   0.716	22375
2	 -36.833	  -0.399	   9.195	  37.858	   0.716	22406
2	 -36.833	  -0.481	  10.195	  37.858	   0.716	22407
2	 -36.833	  -0.391	  10.195	  38.858	   0.716	22444
2	 -36.833	  -0.364	  17.195	  29.858	   1.716	23635
2	 -36.833	  -0.412	  18.195	  29.858	   1.716	23636
2	 -36.833	  -0.393	  18.195	  30.858	   1.716	23673
2	 -36.833	  -0.332	  18.195	  31.858	   1.716	23710
2	 -36.833	  -0.425	   8.195	  34.858	   1.716	23811
2	 -36.833	  -0.330	  16.195	  34.858	   1.716	23819
2	 -36.833	  -0.339	  17.195	  34.858	   1.716	23820
2	 -36.833	  -0.533	   7.195	  35.858	   1.716	23847
2	 -36.833	  -0.738	   8.195	  35.858	   1.716	23848
2	 -36.833	  -0.498	   9.195	  35.858	   1.716	23849
2	 -36.833	  -0.415	  15.195	  35.858	   1.716	23855
2	 -36.833	  -0.386	  16.195	  35.858	   1.716	23856
2	 -36.833	  -0.300	  17.195	  35.858	   1.716	23857
2	 -36.833	  -0.574	   7.195	  36.858	   1.716	23884
2	 -36.833	  -0.623	   8.195	  36.858	   1.716	23885
2	 -36.833	  -0.587	   9.195	  36.858	   1.716	23886
2	 -36.833	  -0.503	  10.195	  36.858	   1.716	23887
2	 -36.833	  -0.320	  11.195	  36.858	   1.716	23888
2	 -36.833	  -0.412	  13.195	  36.858	   1.716	23890
2	 -36.833	  -0.451	  14.195	  36.858	   1.716	23891
2	 -36.833	  -0.402	  15.195	  36.858	   1.716	23892
2	 -36.833	  -0.329	  16.195	  36.858	   1.716	23893
2	 -36.833	  -0.447	   7.195	  37.858	   1.716	23921
2	 -36.833	  -0.451	   8.195	  37.858	   1.716	23922
2	 -36.833	  -0.451	   9.195	  37.858	   1.716	23923
2	 -36.833	  -0.456	  10.195	  37.858	   1.716	23924
2	 -36.833	  -0.421	  11.195	  37.858	   1.716	23925
2	 -36.833	  -0.335	  14.195	  37.858	   1.716	23928
2	 -36.833	  -0.315	  15.195	  37.858	   1.716	23929
2	 -36.833	  -0.320	   9.195	  38.858	   1.716	23960
2	 -36.833	  -0.327	  10.195	  38.858	   1.716	23961
2	 -36.833	  -0.304	  11.195	  37.858	   6.716	31510
2	 -36.833	  -0.389	  12.195	  36.858	   6.716	31474
2	 -36.833	  -0.561	   7.195	  35.858	   2.716	25364
2	 -36.833	  -0.641	   8.195	  35.858	   2.716	25365
2	 -36.833	  -0.581	   9.195	  35.858	   2.716	25366
2	 -36.833	  -0.303	  15.195	  35.858	   2.716	25372
2	 -36.833	  -0.549	   7.195	  36.858	   2.716	25401
2	 -36.833	  -0.573	   8.195	  36.858	   2.716	25402
2	 -36.833	  -0.531	   9.195	  36.858	   2.716	25403
2	 -36.833	  -0.480	  10.195	  36.858	   2.716	25404
2	 -36.833	  -0.378	  11.195	  36.858	   2.716	25405
2	 -36.833	  -0.322	  12.195	  36.858	   2.716	25406
2	 -36.833	  -0.343	  13.195	  36.858	   2.716	25407
2	 -36.833	  -0.312	  14.195	  36.858	   2.716	25408
2	 -36.833	  -0.403	   7.195	  37.858	   2.716	25438
2	 -36.833	  -0.386	   8.195	  37.858	   2.716	25439
2	 -36.833	  -0.365	   9.195	  37.858	   2.716	25440
2	 -36.833	  -0.349	  10.195	  37.858	   2.716	25441
2	 -36.833	  -0.329	  11.195	  37.858	   2.716	25442
2	 -36.833	  -0.304	  12.195	  37.858	   2.716	25443
2	 -36.833	  -0.402	  11.195	  36.858	   6.716	31473
2	 -36.833	  -0.307	  16.195	  34.858	   3.716	26853
2	 -36.833	  -0.386	   7.195	  36.858	   3.716	26918
2	 -36.833	  -0.492	   8.195	  36.858	   3.716	26919
2	 -36.833	  -0.415	   9.195	  36.858	   3.716	26920
2	 -36.833	  -0.302	  11.195	  36.858	   3.716	26922
2	 -36.833	  -0.353	  12.195	  36.858	   3.716	26923
2	 -36.833	  -0.375	   7.195	  37.858	   3.716	26955
2	 -36.833	  -0.384	   8.195	  37.858	   3.716	26956
2	 -36.833	  -0.345	   9.195	  37.858	   3.716	26957
2	 -36.833	  -0.308	  10.195	  37.858	   3.716	26958
2	 -36.833	  -0.371	  13.195	  35.858	   4.716	28404
2	 -36.833	  -0.309	  14.195	  35.858	   4.716	28405
3	 -23.284	  -0.398	   2.195	  23.858	  11.716	38568
3	 -23.284	  -0.300	   2.195	  24.858	  15.716	44673
3	 -23.284	  -0.314	  -0.805	  25.858	  15.716	44707
3	 -23.284	  -0.411	   0.195	  25.858	  15.716	44708
3	 -23.284	  -0.343	   1.195	  23.858	  10.716	37050
3	 -23.284	  -0.437	   1.195	  25.858	  15.716	44709
3	 -23.284	  -0.392	   2.195	  25.858	  15.716	44710
3	 -23.284	  -0.363	   1.195	  26.858	  15.716	44746
3	 -23.284	  -0.426	   2.195	  26.858	  15.716	44747
3	 -23.284	  -0.486	   1.195	  25.858	  12.716	40158
3	 -23.284	  -0.424	   0.195	  26.858	  12.716	40194
3	 -23.284	  -0.300	   1.195	  23.858	  13.716	41601
3	 -23.284	  -0.575	   1.195	  25.858	  13.716	41675
3	 -23.284	  -0.529	   2.195	  25.858	  13.716	41676
3	 -23.284	  -0.683	   0.195	  26.858	  13.716	41711
3	 -23.284	  -0.629	   1.195	  26.858	  13.716	41712
3	 -23.284	  -0.601	   0.195	  27.858	  13.716	41748
3	 -23.284	  -0.348	   1.195	  25.858	  16.716	46226
3	 -23.284	  -0.321	   1.195	  22.858	  11.716	38530
3	 -23.284	  -0.320	   2.195	  22.858	  11.716	38531
3	 -23.284	  -0.384	   0.195	  24.858	  14.716	43154
3	 -23.284	  -0.358	   1.195	  24.858	  14.716	43155
3	 -23.284	  -0.379	   2.195	  24.858	  14.716	43156
3	 -23.284	  -0.432	   3.195	  24.858	  14.716	43157
3	 -23.284	  -0.342	  -0.805	  25.858	  14.716	43190
3	 -23.284	  -0.513	   0.195	  25.858	  14.716	43191
3	 -23.284	  -0.519	   1.195	  25.858	  14.716	43192
3	 -23.284	  -0.338	   1.195	  24.858	  11.716	38604
3	 -23.284	  -0.377	   1.195	  23.858	  12.716	40084
3	 -23.284	  -0.387	   2.195	  23.858	  12.716	40085
3	 -23.284	  -0.405	   3.195	  23.858	  12.716	40086
3	 -23.284	  -0.505	   1.195	  24.858	  12.716	40121
3	 -23.284	  -0.534	   2.195	  25.858	  14.716	43193
3	 -23.284	  -0.521	   3.195	  25.858	  14.716	43194
3	 -23.284	  -0.515	   0.195	  26.858	  14.716	43228
3	 -23.284	  -0.304	   2.195	  23.858	  13.716	41602
3	 -23.284	  -0.344	   3.195	  23.858	  13.716	41603
3	 -23.284	  -0.392	   0.195	  24.858	  13.716	41637
3	 -23.284	  -0.438	   1.195	  24.858	  13.716	41638
3	 -23.284	  -0.439	   2.195	  24.858	  13.716	41639
3	 -23.284	  -0.477	   3.195	  24.858	  13.716	41640
3	 -23.284	  -0.570	   0.195	  25.858	  13.716	41674
3	 -23.284	  -0.430	   1.195	  23.858	  11.716	38567
3	 -23.284	  -0.634	   1.195	  26.858	  14.716	43229
3	 -23.284	  -0.625	   2.195	  26.858	  14.716	43230
3	 -23.284	  -0.450	   2.195	  24.858	  12.716	40122
3	 -23.284	  -0.339	   1.195	  27.858	  14.716	43266
3	 -23.284	  -0.401	   2.195	  27.858	  14.716	43267
3	 -23.284	  -0.346	  -0.805	  24.858	  15.716	44670
3	 -23.284	  -0.332	   0.195	  24.858	  15.716	44671
3	 -23.284	  -0.305	   1.195	  24.858	  15.716	44672
3	 -23.284	  -0.314	   0.195	  22.858	  10.716	37012
3	 -23.284	  -0.331	   3.195	  24.858	  12.716	40123
3	 -23.284	  -0.378	   1.195	  22.858	  10.716	37013
3	 -23.284	  -0.326	   2.195	  22.858	  10.716	37014
4	 -14.908	  -0.336	   0.195	  32.858	   3.716	26763
4	 -14.908	  -0.347	  -0.805	  33.858	   2.716	25282
4	 -14.908	  -0.349	   0.195	  33.858	   2.716	25283
4	 -14.908	  -0.318	  -0.805	  36.858	   6.716	31461
4	 -14.908	  -0.367	   0.195	  35.858	   0.716	22323
4	 -14.908	  -0.306	  -1.805	  36.858	   6.716	31460
4	 -14.908	  -0.368	  -1.805	  35.858	   6.716	31423
4	 -14.908	  -0.364	  -1.805	  32.858	  -3.284	16142
4	 -14.908	  -0.350	  -1.805	  31.858	  -3.284	16105
4	 -14.908	  -0.386	  -0.805	  33.858	   3.716	26799
4	 -14.908	  -0.348	   0.195	  33.858	   3.716	26800
4	 -14.908	  -0.306	  -0.805	  34.858	   3.716	26836
4	 -14.908	  -0.349	   0.195	  37.858	   8.716	34533
4	 -14.908	  -0.462	  -0.805	  33.858	  -1.284	19214
4	 -14.908	  -0.330	   1.195	  36.858	   4.716	28429
4	 -14.908	  -0.333	  -1.805	  33.858	  -1.284	19213
4	 -14.908	  -0.421	  -0.805	  33.858	  -0.284	20731
4	 -14.908	  -0.369	  -0.805	  34.858	  -0.284	20768
4	 -14.908	  -0.387	   0.195	  34.858	  -0.284	20769
4	 -14.908	  -0.364	  -1.805	  32.858	  -1.284	19176
4	 -14.908	  -0.317	   0.195	  35.858	   3.716	26874
4	 -14.908	  -0.310	   0.195	  36.858	   4.716	28428
4	 -14.908	  -0.306	  -2.805	  34.858	   5.716	29868
4	 -14.908	  -0.376	   0.195	  37.858	   7.716	33016
4	 -14.908	  -0.328	  -1.805	  33.858	  -3.284	16179
4	 -14.908	  -0.339	  -1.805	  33.858	   4.716	28315
4	 -14.908	  -0.333	   0.195	  37.858	   6.716	31499
4	 -14.908	  -0.352	  -1.805	  33.858	  -2.284	17696
4	 -14.908	  -0.307	  -0.805	  36.858	   7.716	32978
4	 -14.908	  -0.394	  -1.805	  32.858	  -2.284	17659
4	 -14.908	  -0.379	  -1.805	  31.858	  -2.284	17622
4	 -14.908	  -0.340	  -1.805	  32.858	   3.716	26761
4	 -14.908	  -0.446	  -0.805	  32.858	   3.716	26762
4	 -14.908	  -0.319	  -0.805	  32.858	   1.716	23728
4	 -14.908	  -0.342	  -0.805	  33.858	   1.716	23765
4	 -14.908	  -0.374	   0.195	  33.858	   1.716	23766
4	 -14.908	  -0.373	  -0.805	  33.858	   0.716	22248
4	 -14.908	  -0.315	   0.195	  33.858	   0.716	22249
4	 -14.908	  -0.331	   0.195	  34.858	   1.716	23803
4	 -14.908	  -0.319	  -0.805	  34.858	   0.716	22285
4	 -14.908	  -0.449	   0.195	  34.858	   0.716	22286
4	 -14.908	  -0.399	  -0.805	  32.858	   2.716	25245
5	 -11.840	  -0.306	   1.195	  22.858	  -3.284	15775
5	 -11.840	  -0.308	   6.195	  27.858	  -5.284	12931
5	 -11.840	  -0.323	   3.195	  22.858	  -4.284	14260
5	 -11.840	  -0.312	   3.195	  23.858	  -4.284	14297
5	 -11.840	  -0.369	   4.195	  23.858	  -4.284	14298
5	 -11.840	  -0.344	   4.195	  24.858	  -4.284	14335
5	 -11.840	  -0.347	   5.195	  24.858	  -4.284	14336
5	 -11.840	  -0.329	   4.195	  25.858	  -4.284	14372
5	 -11.840	  -0.365	   5.195	  25.858	  -4.284	14373
5	 -11.840	  -0.316	   1.195	  26.858	  -4.284	14406
5	 -11.840	  -0.337	   2.195	  26.858	  -4.284	14407
5	 -11.840	  -0.340	   3.195	  26.858	  -4.284	14408
5	 -11.840	  -0.325	   6.195	  26.858	  -4.284	14411
5	 -11.840	  -0.342	   7.195	  26.858	  -4.284	14412
5	 -11.840	  -0.392	   0.195	  27.858	  -4.284	14442
5	 -11.840	  -0.423	   1.195	  27.858	  -4.284	14443
5	 -11.840	  -0.410	   2.195	  27.858	  -4.284	14444
5	 -11.840	  -0.335	  -0.805	  28.858	  -4.284	14478
5	 -11.840	  -0.304	   0.195	  28.858	  -4.284	14479
5	 -11.840	  -0.312	   1.195	  23.858	  -3.284	15812
5	 -11.840	  -0.385	   2.195	  23.858	  -3.284	15813
5	 -11.840	  -0.326	   2.195	  24.858	  -3.284	15850
5	 -11.840	  -0.391	   3.195	  24.858	  -3.284	15851
5	 -11.840	  -0.428	   3.195	  25.858	  -3.284	15888
5	 -11.840	  -0.439	   4.195	  25.858	  -3.284	15889
5	 -11.840	  -0.421	   5.195	  25.858	  -3.284	15890
5	 -11.840	  -0.434	   2.195	  26.858	  -3.284	15924
5	 -11.840	  -0.385	   3.195	  26.858	  -3.284	15925
5	 -11.840	  -0.391	   0.195	  27.858	  -3.284	15959
5	 -11.840	  -0.530	   1.195	  27.858	  -3.284	15960
5	 -11.840	  -0.562	   2.195	  27.858	  -3.284	15961
5	 -11.840	  -0.309	   2.195	  27.858	  -2.284	17478
6	 -11.361	  -0.474	  11.195	  27.858	  16.716	46310
6	 -11.361	  -0.391	  11.195	  28.858	  16.716	46347
6	 -11.361	  -0.387	  11.195	  22.858	  12.716	40057
6	 -11.361	  -0.465	  11.195	  23.858	  12.716	40094
6	 -11.361	  -0.343	  13.195	  32.858	  12.716	40429
6	 -11.361	  -0.313	  10.195	  22.858	  13.716	41573
6	 -11.361	  -0.320	  12.195	  30.858	  17.716	47939
6	 -11.361	  -0.397	  11.195	  23.858	  13.716	41611
6	 -11.361	  -0.325	  12.195	  23.858	  13.716	41612
6	 -11.361	  -0.345	  11.195	  24.858	  13.716	41648
6	 -11.361	  -0.328	  12.195	  29.858	  17.716	47902
6	 -11.361	  -0.315	  12.195	  24.858	  13.716	41649
6	 -11.361	  -0.311	  12.195	  28.858	  17.716	47865
6	 -11.361	  -0.302	  13.195	  24.858	  13.716	41650
6	 -11.361	  -0.344	  13.195	  32.858	  13.716	41946
6	 -11.361	  -0.353	  11.195	  27.858	  17.716	47827
6	 -11.361	  -0.306	  11.195	  24.858	  14.716	43165
6	 -11.361	  -0.328	  10.195	  22.858	  12.716	40056
6	 -11.361	  -0.342	  12.195	  31.858	  16.716	46459
6	 -11.361	  -0.344	  13.195	  31.858	  14.716	43426
6	 -11.361	  -0.300	  13.195	  32.858	  14.716	43463
6	 -11.361	  -0.409	  12.195	  30.858	  15.716	44905
6	 -11.361	  -0.416	  12.195	  31.858	  15.716	44942
6	 -11.361	  -0.301	   7.195	  23.858	  16.716	46158
6	 -11.361	  -0.388	  12.195	  30.858	  16.716	46422
6	 -11.361	  -0.385	  12.195	  29.858	  16.716	46385
6	 -11.361	  -0.383	   7.195	  24.858	  16.716	46195
6	 -11.361	  -0.372	   8.195	  24.858	  16.716	46196
6	 -11.361	  -0.320	   9.195	  24.858	  16.716	46197
6	 -11.361	  -0.330	  10.195	  25.858	  16.716	46235
6	 -11.361	  -0.398	  11.195	  26.858	  16.716	46273
6	 -11.361	  -0.326	  12.195	  28.858	  16.716	46348
7	 -10.691	  -0.354	  -4.805	  31.858	  11.716	38857
7	 -10.691	  -0.313	  -3.805	  32.858	  16.716	46480
7	 -10.691	  -0.353	  -3.805	  32.858	  15.716	44963
7	 -10.691	  -0.336	  -3.805	  32.858	  14.716	43446
7	 -10.691	  -0.325	  -3.805	  31.858	  13.716	41892
7	 -10.691	  -0.319	  -4.805	  30.858	  13.716	41854
7	 -10.691	  -0.318	  -4.805	  29.858	  13.716	41817
7	 -10.691	  -0.305	  -3.805	  32.858	  12.716	40412
7	 -10.691	  -0.315	  -4.805	  32.858	  12.716	40411
7	 -10.691	  -0.477	  -3.805	  31.858	  12.716	40375
7	 -10.691	  -0.336	  -4.805	  31.858	  12.716	40374
7	 -10.691	  -0.501	  -3.805	  30.858	  12.716	40338
7	 -10.691	  -0.379	  -4.805	  30.858	  12.716	40337
7	 -10.691	  -0.333	  -5.805	  29.858	  10.716	37265
7	 -10.691	  -0.371	  -3.805	  29.858	  12.716	40301
7	 -10.691	  -0.409	  -4.805	  29.858	  12.716	40300
7	 -10.691	  -0.329	  -6.805	  23.858	  11.716	38559
7	 -10.691	  -0.317	  -6.805	  24.858	  11.716	38596
7	 -10.691	  -0.325	  -3.805	  32.858	  11.716	38895
7	 -10.691	  -0.318	  -4.805	  32.858	  11.716	38894
7	 -10.691	  -0.447	  -2.805	  31.858	  11.716	38859
7	 -10.691	  -0.344	  -5.805	  28.858	  11.716	38745
7	 -10.691	  -0.327	  -5.805	  29.858	  11.716	38782
7	 -10.691	  -0.408	  -4.805	  29.858	  11.716	38783
7	 -10.691	  -0.301	  -0.805	  29.858	  11.716	38787
7	 -10.691	  -0.380	  -4.805	  30.858	  11.716	38820
7	 -10.691	  -0.474	  -2.805	  30.858	  11.716	38822
7	 -10.691	  -0.539	  -1.805	  30.858	  11.716	38823
7	 -10.691	  -0.438	  -3.805	  31.858	  11.716	38858
8	  -9.958	  -0.327	  13.195	  16.858	   5.716	29218
8	  -9.958	  -0.326	  10.195	  20.858	  10.716	36948
8	  -9.958	  -0.310	  11.195	  20.858	  10.716	36949
8	  -9.958	  -0.338	  11.195	  14.858	   2.716	24591
8	  -9.958	  -0.322	   9.195	  18.858	   7.716	32322
8	  -9.958	  -0.326	   8.195	  18.858	   7.716	32321
8	  -9.958	  -0.310	   7.195	  18.858	   7.716	32320
8	  -9.958	  -0.303	  14.195	  17.858	   7.716	32290
8	  -9.958	  -0.308	   9.195	  16.858	   2.716	24663
8	  -9.958	  -0.326	  10.195	  15.858	   3.716	26144
8	  -9.958	  -0.329	  13.195	  17.858	   6.716	30772
8	  -9.958	  -0.417	  11.195	  15.858	   3.716	26145
8	  -9.958	  -0.353	  10.195	  19.858	   8.716	33877
8	  -9.958	  -0.321	  11.195	  19.858	   8.716	33878
8	  -9.958	  -0.350	   9.195	  16.858	   3.716	26180
8	  -9.958	  -0.361	  10.195	  16.858	   3.716	26181
8	  -9.958	  -0.334	  11.195	  21.858	  11.716	38503
8	  -9.958	  -0.399	  11.195	  16.858	   3.716	26182
8	  -9.958	  -0.364	  12.195	  16.858	   3.716	26183
8	  -9.958	  -0.336	  11.195	  15.858	   4.716	27662
8	  -9.958	  -0.343	  13.195	  16.858	   6.716	30735
8	  -9.958	  -0.310	  10.195	  19.858	   9.716	35394
8	  -9.958	  -0.329	  11.195	  19.858	   9.716	35395
8	  -9.958	  -0.307	  14.195	  16.858	   6.716	30736
8	  -9.958	  -0.304	  15.195	  15.858	   6.716	30700
8	  -9.958	  -0.362	  12.195	  15.858	   4.716	27663
8	  -9.958	  -0.317	  12.195	  16.858	   4.716	27700
8	  -9.958	  -0.316	  12.195	  15.858	   5.716	29180
8	  -9.958	  -0.303	  13.195	  15.858	   5.716	29181
8	  -9.958	  -0.307	  14.195	  15.858	   6.716	30699
9	  -7.151	  -0.315	   8.195	  33.858	  21.716	54114
9	  -7.151	  -0.693	   4.195	  30.858	  14.716	43380
9	  -7.151	  -0.657	   5.195	  30.858	  14.716	43381
9	  -7.151	  -0.422	   4.195	  31.858	  14.716	43417
9	  -7.151	  -0.328	   2.195	  37.858	  14.716	43637
9	  -7.151	  -0.300	   1.195	  37.858	  15.716	45153
9	  -7.151	  -0.329	   2.195	  37.858	  15.716	45154
9	  -7.151	  -0.401	   2.195	  36.858	  16.716	46634
9	  -7.151	  -0.344	   2.195	  36.858	  17.716	48151
9	  -7.151	  -0.335	   3.195	  36.858	  17.716	48152
9	  -7.151	  -0.328	   4.195	  36.858	  17.716	48153
9	  -7.151	  -0.351	   5.195	  36.858	  17.716	48154
9	  -7.151	  -0.354	   6.195	  36.858	  17.716	48155
9	  -7.151	  -0.333	   2.195	  35.858	  18.716	49631
9	  -7.151	  -0.319	   1.195	  34.858	  19.716	51110
9	  -7.151	  -0.310	   2.195	  35.858	  19.716	51148
9	  -7.151	  -0.376	   8.195	  33.858	  20.716	52597
9	  -7.151	  -0.343	   9.195	  33.858	  20.716	52598
9	  -7.151	  -0.313	   8.195	  34.858	  20.716	52634
10	  -6.816	  -0.349	   4.195	  39.858	  -4.284	14890
10	  -6.816	  -0.315	   3.195	  38.858	  -3.284	16369
10	  -6.816	  -0.330	   8.195	  38.858	  -7.284	10306
10	  -6.816	  -0.310	   1.195	  34.858	  -7.284	10151
10	  -6.816	  -0.337	   3.195	  38.858	  -0.284	20920
10	  -6.816	  -0.378	   4.195	  38.858	  -0.284	20921
10	  -6.816	  -0.399	   4.195	  38.858	  -1.284	19404
10	  -6.816	  -0.325	   4.195	  38.858	  -2.284	17887
10	  -6.816	  -0.320	   4.195	  39.858	  -2.284	17924
10	  -6.816	  -0.310	   4.195	  39.858	  -1.284	19441
10	  -6.816	  -0.398	   3.195	  38.858	  -4.284	14852
10	  -6.816	  -0.362	   3.195	  38.858	  -1.284	19403
10	  -6.816	  -0.374	   8.195	  39.858	  -6.284	11860
10	  -6.816	  -0.370	   7.195	  39.858	  -6.284	11859
10	  -6.816	  -0.326	   8.195	  38.858	  -6.284	11823
10	  -6.816	  -0.338	   4.195	  39.858	  -3.284	16407
10	  -6.816	  -0.488	   4.195	  38.858	  -4.284	14853
10	  -6.816	  -0.389	   5.195	  38.858	  -4.284	14854
10	  -6.816	  -0.398	   4.195	  38.858	  -3.284	16370
11	  -6.675	  -0.330	  18.195	  24.858	   8.716	34070
11	  -6.675	  -0.305	  15.195	  26.858	  12.716	40209
11	  -6.675	  -0.358	  16.195	  30.858	   9.716	35807
11	  -6.675	  -0.341	  15.195	  30.858	   9.716	35806
11	  -6.675	  -0.317	  16.195	  26.858	  11.716	38693
11	  -6.675	  -0.322	  16.195	  27.858	  11.716	38730
11	  -6.675	  -0.327	  19.195	  25.858	   5.716	29557
11	  -6.675	  -0.307	  19.195	  26.858	   4.716	28077
11	  -6.675	  -0.392	  18.195	  25.858	   6.716	31073
11	  -6.675	  -0.326	  18.195	  26.858	   6.716	31110
11	  -6.675	  -0.379	  16.195	  28.858	  10.716	37250
11	  -6.675	  -0.383	  16.195	  27.858	  10.716	37213
11	  -6.675	  -0.425	  18.195	  26.858	   5.716	29593
11	  -6.675	  -0.381	  18.195	  24.858	   7.716	32553
11	  -6.675	  -0.303	  16.195	  31.858	   9.716	35844
11	  -6.675	  -0.317	  15.195	  27.858	  10.716	37212
11	  -6.675	  -0.403	  16.195	  29.858	   9.716	35770
11	  -6.675	  -0.424	  16.195	  28.858	   9.716	35733
11	  -6.675	  -0.335	  16.195	  29.858	  10.716	37287
12	  -6.068	  -0.302	  12.195	  25.858	  -5.284	12863
12	  -6.068	  -0.360	  14.195	  19.858	  -4.284	14160
12	  -6.068	  -0.337	  12.195	  19.858	  -4.284	14158
12	  -6.068	  -0.409	  11.195	  19.858	  -4.284	14157
12	  -6.068	  -0.305	  13.195	  27.858	  -5.284	12938
12	  -6.068	  -0.314	  12.195	  27.858	  -5.284	12937
12	  -6.068	  -0.344	  11.195	  27.858	  -5.284	12936
12	  -6.068	  -0.323	  10.195	  27.858	  -5.284	12935
12	  -6.068	  -0.327	   9.195	  27.858	  -5.284	12934
12	  -6.068	  -0.354	  12.195	  26.858	  -5.284	12900
12	  -6.068	  -0.355	  11.195	  26.858	  -5.284	12899
12	  -6.068	  -0.329	  10.195	  26.858	  -5.284	12898
12	  -6.068	  -0.300	   9.195	  26.858	  -5.284	12897
12	  -6.068	  -0.330	  11.195	  25.858	  -5.284	12862
12	  -6.068	  -0.326	  11.195	  26.858	  -4.284	14416
12	  -6.068	  -0.386	  11.195	  25.858	  -4.284	14379
12	  -6.068	  -0.324	  15.195	  20.858	  -4.284	14198
12	  -6.068	  -0.343	  15.195	  19.858	  -4.284	14161
13	  -5.159	  -0.321	   9.195	  31.858	  -7.284	10048
13	  -5.159	  -0.336	  11.195	  34.858	  -8.284	8644
13	  -5.159	  -0.302	   9.195	  36.858	  -8.284	8716
13	  -5.159	  -0.420	   8.195	  31.858	  -7.284	10047
13	  -5.159	  -0.324	   8.195	  32.858	  -8.284	8567
13	  -5.159	  -0.337	   8.195	  30.858	  -7.284	10010
13	  -5.159	  -0.362	   8.195	  31.858	  -6.284	11564
13	  -5.159	  -0.328	   7.195	  32.858	  -8.284	8566
13	  -5.159	  -0.377	   9.195	  32.858	  -7.284	10085
13	  -5.159	  -0.319	  10.195	  33.858	  -8.284	8606
13	  -5.159	  -0.336	   9.195	  33.858	  -8.284	8605
13	  -5.159	  -0.368	  10.195	  34.858	  -8.284	8643
13	  -5.159	  -0.353	   9.195	  34.858	  -8.284	8642
13	  -5.159	  -0.328	   9.195	  35.858	  -8.284	8679
13	  -5.159	  -0.348	  10.195	  35.858	  -8.284	8680
14	  -2.685	  -0.355	  19.195	  16.858	   1.716	23156
14	  -2.685	  -0.335	  19.195	  16.858	   3.716	26190
14	  -2.685	  -0.304	  19.195	  17.858	   1.716	23193
14	  -2.685	  -0.347	  19.195	  16.858	   2.716	24673
14	  -2.685	  -0.378	  19.195	  17.858	   0.716	21676
14	  -2.685	  -0.309	  19.195	  16.858	  -0.284	20122
14	  -2.685	  -0.354	  19.195	  16.858	   0.716	21639
14	  -2.685	  -0.303	  18.195	  15.858	   4.716	27669
15	  -2.327	  -0.333	   5.195	  17.858	   0.716	21662
15	  -2.327	  -0.308	   5.195	  16.858	   0.716	21625
15	  -2.327	  -0.326	   6.195	  16.858	   0.716	21626
15	  -2.327	  -0.396	   8.195	  19.858	  -0.284	20222
15	  -2.327	  -0.404	   9.195	  19.858	  -2.284	17189
15	  -2.327	  -0.560	   8.195	  19.858	  -1.284	18705
16	  -2.253	  -0.326	  20.195	  22.858	   1.716	23379
16	  -2.253	  -0.303	  19.195	  25.858	  -0.284	20455
16	  -2.253	  -0.305	  20.195	  23.858	   2.716	24933
16	  -2.253	  -0.317	  19.195	  24.858	  -0.284	20418
16	  -2.253	  -0.337	  19.195	  25.858	   0.716	21972
16	  -2.253	  -0.311	  19.195	  26.858	   0.716	22009
16	  -2.253	  -0.354	  19.195	  24.858	   0.716	21935
17	  -1.924	  -0.312	  -0.805	  30.858	  19.716	50960
17	  -1.924	  -0.307	  -2.805	  31.858	  18.716	49478
17	  -1.924	  -0.321	   4.195	  28.858	  21.716	53925
17	  -1.924	  -0.318	   1.195	  28.858	  20.716	52405
17	  -1.924	  -0.307	  -1.805	  31.858	  19.716	50996
17	  -1.924	  -0.359	  -0.805	  31.858	  19.716	50997
18	  -1.650	  -0.339	  17.195	  36.858	  -6.284	11758
18	  -1.650	  -0.343	  17.195	  35.858	  -6.284	11721
18	  -1.650	  -0.316	  17.195	  34.858	  -6.284	11684
18	  -1.650	  -0.306	  16.195	  31.858	  -6.284	11572
18	  -1.650	  -0.346	  16.195	  32.858	  -6.284	11609
